                           h                    analytic                     3 point                     5 point
      0.2000000000000000E+00      0.2691134105994275E+01      0.2688543000739190E+01      0.2691154170470818E+01
      0.2020000000000000E+00      0.2691134105994275E+01      0.2688490816082426E+01      0.2691154981136259E+01
      0.2040200000000000E+00      0.2691134105994275E+01      0.2688437578323606E+01      0.2691155824472076E+01
      0.2060602000000000E+00      0.2691134105994275E+01      0.2688383266123793E+01      0.2691156701787144E+01
      0.2081208020000000E+00      0.2691134105994275E+01      0.2688327857710850E+01      0.2691157614445928E+01
      0.2102020100200000E+00      0.2691134105994275E+01      0.2688271330866539E+01      0.2691158563865543E+01
      0.2123040301202000E+00      0.2691134105994275E+01      0.2688213662920563E+01      0.2691159551522158E+01
      0.2144270704214020E+00      0.2691134105994275E+01      0.2688154830738485E+01      0.2691160578949928E+01
      0.2165713411256160E+00      0.2691134105994275E+01      0.2688094810709929E+01      0.2691161647739889E+01
      0.2187370545368722E+00      0.2691134105994275E+01      0.2688033578744094E+01      0.2691162759550022E+01
      0.2209244250822409E+00      0.2691134105994275E+01      0.2687971110259942E+01      0.2691163916108016E+01
      0.2231336693330633E+00      0.2691134105994275E+01      0.2687907380168153E+01      0.2691165119202981E+01
      0.2253650060263939E+00      0.2691134105994275E+01      0.2687842362868763E+01      0.2691166370699786E+01
      0.2276186560866579E+00      0.2691134105994275E+01      0.2687776032236730E+01      0.2691167672536040E+01
      0.2298948426475245E+00      0.2691134105994275E+01      0.2687708361611669E+01      0.2691169026726374E+01
      0.2321937910739997E+00      0.2691134105994275E+01      0.2687639323786810E+01      0.2691170435365715E+01
      0.2345157289847397E+00      0.2691134105994275E+01      0.2687568890997552E+01      0.2691171900632011E+01
      0.2368608862745871E+00      0.2691134105994275E+01      0.2687497034909750E+01      0.2691173424789730E+01
      0.2392294951373330E+00      0.2691134105994275E+01      0.2687423726607741E+01      0.2691175010192944E+01
      0.2416217900887063E+00      0.2691134105994275E+01      0.2687348936581894E+01      0.2691176659288588E+01
      0.2440380079895934E+00      0.2691134105994275E+01      0.2687272634717801E+01      0.2691178374622286E+01
      0.2464783880694893E+00      0.2691134105994275E+01      0.2687194790281127E+01      0.2691180158838940E+01
      0.2489431719501842E+00      0.2691134105994275E+01      0.2687115371906501E+01      0.2691182014688796E+01
      0.2514326036696861E+00      0.2691134105994275E+01      0.2687034347582841E+01      0.2691183945030095E+01
      0.2539469297063829E+00      0.2691134105994275E+01      0.2686951684639783E+01      0.2691185952832954E+01
      0.2564863990034468E+00      0.2691134105994275E+01      0.2686867349738237E+01      0.2691188041189947E+01
      0.2590512629934812E+00      0.2691134105994275E+01      0.2686781308848475E+01      0.2691190213309951E+01
      0.2616417756234161E+00      0.2691134105994275E+01      0.2686693527241574E+01      0.2691192472531051E+01
      0.2642581933796502E+00      0.2691134105994275E+01      0.2686603969473917E+01      0.2691194822324379E+01
      0.2669007753134467E+00      0.2691134105994275E+01      0.2686512599369201E+01      0.2691197266295270E+01
      0.2695697830665812E+00      0.2691134105994275E+01      0.2686419380004463E+01      0.2691199808190718E+01
      0.2722654808972470E+00      0.2691134105994275E+01      0.2686324273698055E+01      0.2691202451909700E+01
      0.2749881357062195E+00      0.2691134105994275E+01      0.2686227241986613E+01      0.2691205201499817E+01
      0.2777380170632817E+00      0.2691134105994275E+01      0.2686128245613801E+01      0.2691208061169879E+01
      0.2805153972339146E+00      0.2691134105994275E+01      0.2686027244511382E+01      0.2691211035293626E+01
      0.2833205512062537E+00      0.2691134105994275E+01      0.2685924197783878E+01      0.2691214128418428E+01
      0.2861537567183163E+00      0.2691134105994275E+01      0.2685819063686511E+01      0.2691217345265864E+01
      0.2890152942854994E+00      0.2691134105994275E+01      0.2685711799613681E+01      0.2691220690747301E+01
      0.2919054472283544E+00      0.2691134105994275E+01      0.2685602362074154E+01      0.2691224169962387E+01
      0.2948245017006380E+00      0.2691134105994275E+01      0.2685490706678633E+01      0.2691227788215126E+01
      0.2977727467176443E+00      0.2691134105994275E+01      0.2685376788114170E+01      0.2691231551012531E+01
      0.3007504741848208E+00      0.2691134105994275E+01      0.2685260560129138E+01      0.2691235464079263E+01
      0.3037579789266689E+00      0.2691134105994275E+01      0.2685141975511279E+01      0.2691239533363169E+01
      0.3067955587159356E+00      0.2691134105994275E+01      0.2685020986067242E+01      0.2691243765043680E+01
      0.3098635143030949E+00      0.2691134105994275E+01      0.2684897542602664E+01      0.2691248165542437E+01
      0.3129621494461259E+00      0.2691134105994275E+01      0.2684771594899291E+01      0.2691252741530437E+01
      0.3160917709405872E+00      0.2691134105994275E+01      0.2684643091693203E+01      0.2691257499937657E+01
      0.3192526886499930E+00      0.2691134105994275E+01      0.2684511980653471E+01      0.2691262447964597E+01
      0.3224452155364930E+00      0.2691134105994275E+01      0.2684378208358441E+01      0.2691267593091398E+01
      0.3256696676918579E+00      0.2691134105994275E+01      0.2684241720272214E+01      0.2691272943088262E+01
      0.3289263643687765E+00      0.2691134105994275E+01      0.2684102460720888E+01      0.2691278506026893E+01
      0.3322156280124642E+00      0.2691134105994275E+01      0.2683960372868142E+01      0.2691284290292032E+01
      0.3355377842925889E+00      0.2691134105994275E+01      0.2683815398688722E+01      0.2691290304591244E+01
      0.3388931621355148E+00      0.2691134105994275E+01      0.2683667478946027E+01      0.2691296557971652E+01
      0.3422820937568700E+00      0.2691134105994275E+01      0.2683516553162156E+01      0.2691303059827530E+01
      0.3457049146944386E+00      0.2691134105994275E+01      0.2683362559593492E+01      0.2691309819916761E+01
      0.3491619638413830E+00      0.2691134105994275E+01      0.2683205435200922E+01      0.2691316848371290E+01
      0.3526535834797969E+00      0.2691134105994275E+01      0.2683045115625054E+01      0.2691324155715643E+01
      0.3561801193145948E+00      0.2691134105994275E+01      0.2682881535154453E+01      0.2691331752877440E+01
      0.3597419205077408E+00      0.2691134105994275E+01      0.2682714626697597E+01      0.2691339651204400E+01
      0.3633393397128182E+00      0.2691134105994275E+01      0.2682544321752196E+01      0.2691347862478958E+01
      0.3669727331099464E+00      0.2691134105994275E+01      0.2682370550375470E+01      0.2691356398936085E+01
      0.3706424604410459E+00      0.2691134105994275E+01      0.2682193241150468E+01      0.2691365273276948E+01
      0.3743488850454563E+00      0.2691134105994275E+01      0.2682012321156677E+01      0.2691374498690061E+01
      0.3780923738959109E+00      0.2691134105994275E+01      0.2681827715934138E+01      0.2691384088865247E+01
      0.3818732976348700E+00      0.2691134105994275E+01      0.2681639349451968E+01      0.2691394058015392E+01
      0.3856920306112187E+00      0.2691134105994275E+01      0.2681447144072045E+01      0.2691404420892950E+01
      0.3895489509173309E+00      0.2691134105994275E+01      0.2681251020514791E+01      0.2691415192811496E+01
      0.3934444404265042E+00      0.2691134105994275E+01      0.2681050897823031E+01      0.2691426389666227E+01
      0.3973788848307692E+00      0.2691134105994275E+01      0.2680846693323261E+01      0.2691438027952699E+01
      0.4013526736790769E+00      0.2691134105994275E+01      0.2680638322589914E+01      0.2691450124791912E+01
      0.4053662004158677E+00      0.2691134105994275E+01      0.2680425699405513E+01      0.2691462697951294E+01
      0.4094198624200264E+00      0.2691134105994275E+01      0.2680208735719547E+01      0.2691475765866315E+01
      0.4135140610442266E+00      0.2691134105994275E+01      0.2679987341610681E+01      0.2691489347668459E+01
      0.4176492016546689E+00      0.2691134105994275E+01      0.2679761425242203E+01      0.2691503463206288E+01
      0.4218256936712156E+00      0.2691134105994275E+01      0.2679530892821354E+01      0.2691518133073787E+01
      0.4260439506079278E+00      0.2691134105994275E+01      0.2679295648555096E+01      0.2691533378636223E+01
      0.4303043901140071E+00      0.2691134105994275E+01      0.2679055594603802E+01      0.2691549222055332E+01
      0.4346074340151471E+00      0.2691134105994275E+01      0.2678810631038093E+01      0.2691565686321331E+01
      0.4389535083552986E+00      0.2691134105994275E+01      0.2678560655790414E+01      0.2691582795279860E+01
      0.4433430434388516E+00      0.2691134105994275E+01      0.2678305564606134E+01      0.2691600573661074E+01
      0.4477764738732402E+00      0.2691134105994275E+01      0.2678045250996489E+01      0.2691619047113509E+01
      0.4522542386119726E+00      0.2691134105994275E+01      0.2677779606186518E+01      0.2691638242233879E+01
      0.4567767809980923E+00      0.2691134105994275E+01      0.2677508519063686E+01      0.2691658186600403E+01
      0.4613445488080732E+00      0.2691134105994275E+01      0.2677231876125567E+01      0.2691678908807540E+01
      0.4659579942961539E+00      0.2691134105994275E+01      0.2676949561425037E+01      0.2691700438500215E+01
      0.4706175742391155E+00      0.2691134105994275E+01      0.2676661456515436E+01      0.2691722806410765E+01
      0.4753237499815067E+00      0.2691134105994275E+01      0.2676367440392685E+01      0.2691746044394710E+01
      0.4800769874813217E+00      0.2691134105994275E+01      0.2676067389437884E+01      0.2691770185470155E+01
      0.4848777573561349E+00      0.2691134105994275E+01      0.2675761177357518E+01      0.2691795263857054E+01
      0.4897265349296963E+00      0.2691134105994275E+01      0.2675448675121748E+01      0.2691821315016932E+01
      0.4946238002789932E+00      0.2691134105994275E+01      0.2675129750902466E+01      0.2691848375695513E+01
      0.4995700382817831E+00      0.2691134105994275E+01      0.2674804270008206E+01      0.2691876483964377E+01
      0.5045657386646010E+00      0.2691134105994275E+01      0.2674472094818686E+01      0.2691905679265525E+01
      0.5096113960512469E+00      0.2691134105994275E+01      0.2674133084718112E+01      0.2691936002457564E+01
      0.5147075100117594E+00      0.2691134105994275E+01      0.2673787096024637E+01      0.2691967495860220E+01
      0.5198545851118770E+00      0.2691134105994275E+01      0.2673433981920552E+01      0.2692000203303564E+01
      0.5250531309629958E+00      0.2691134105994275E+01      0.2673073592378555E+01      0.2692034170175305E+01
      0.5303036622726257E+00      0.2691134105994275E+01      0.2672705774088761E+01      0.2692069443473077E+01
      0.5356066988953520E+00      0.2691134105994275E+01      0.2672330370380942E+01      0.2692106071853909E+01
      0.5409627658843055E+00      0.2691134105994275E+01      0.2671947221147252E+01      0.2692144105688255E+01
      0.5463723935431485E+00      0.2691134105994275E+01      0.2671556162761066E+01      0.2692183597112791E+01
      0.5518361174785800E+00      0.2691134105994275E+01      0.2671157027995477E+01      0.2692224600086667E+01
      0.5573544786533657E+00      0.2691134105994275E+01      0.2670749645938497E+01      0.2692267170447510E+01
      0.5629280234398994E+00      0.2691134105994275E+01      0.2670333841906742E+01      0.2692311365969448E+01
      0.5685573036742985E+00      0.2691134105994275E+01      0.2669909437356259E+01      0.2692357246421625E+01
      0.5742428767110415E+00      0.2691134105994275E+01      0.2669476249792659E+01      0.2692404873630003E+01
