    x             ground state                1st excited            2nd excited   
  -20.000000000000000        4.8027877988156051E-034   4.1982632167135634E-034   1.9199858848440763E-033
  -19.899749373433583        4.8027877988156051E-034   1.6066589624469235E-032   9.8747790053551509E-033
  -19.799498746867169        1.9211151195262420E-033   1.4537265066958603E-032   2.0515288408095920E-033
  -19.699248120300751        4.8027877988156051E-034   3.4008890787385573E-034   4.0026072129277484E-034
  -19.598997493734338        1.9211151195262420E-033   3.2027434766758626E-032   2.9445409645845357E-032
  -19.498746867167920        4.8027877988156051E-034   4.8318352146089007E-033   3.4378045193018020E-034
  -19.398496240601503        0.0000000000000000        6.8034679524405881E-034   3.2222205611448874E-034
  -19.298245614035089        1.2006969497039013E-034   1.3556054235867370E-032   1.5373883629947812E-032
  -19.197994987468672        0.0000000000000000        2.7847756010315954E-033   2.5400880957193096E-035
  -19.097744360902254        0.0000000000000000        2.4831392416469262E-035   1.4839815587859392E-033
  -18.997493734335841        0.0000000000000000        1.0228122909512338E-034   1.2859109052208455E-036
  -18.897243107769423        7.5043559356493830E-036   6.7460071299762381E-035   2.1508225879307801E-034
  -18.796992481203006        1.8760889839123457E-036   6.0253318849885272E-035   1.6235286833418232E-034
  -18.696741854636592        1.8760889839123457E-036   2.1529760679768789E-035   1.2968077068391919E-035
  -18.596491228070175        0.0000000000000000        1.5217751796430665E-036   9.9934553193453092E-036
  -18.496240601503761        1.1725556149452161E-037   5.3722854769253358E-037   7.5239711273286235E-036
  -18.395989974937343        1.1725556149452161E-037   1.3698890882603364E-037   1.1735397929625546E-037
  -18.295739348370926        7.3284725934076005E-039   2.2552545355645173E-037   2.1316428340250695E-039
  -18.195488721804512        0.0000000000000000        5.1173899800093657E-039   4.0905278393685113E-038
  -18.095238095238095        4.5802953708797503E-040   3.1452072549276137E-039   1.4146999296947625E-038
  -17.994987468671681        0.0000000000000000        2.3119030309999431E-040   4.3044383404728576E-039
  -17.894736842105264        2.8626846067998440E-041   1.7413105439045141E-039   2.0369487029314453E-039
  -17.794486215538846        7.1567115169996099E-042   4.8863654007045648E-041   5.1467919268092486E-041
  -17.694235588972433        1.7891778792499025E-042   3.6427835165508054E-041   3.0749294042299055E-041
  -17.593984962406015        1.1182361745311890E-043   4.1309908069301952E-044   2.5259533094314500E-042
  -17.493734335839598        2.7955904363279726E-044   3.7359188864941094E-044   8.7678896846708628E-043
  -17.393483709273184        6.9889760908199315E-045   1.2496131045631485E-043   1.5796754890011997E-044
  -17.293233082706767        0.0000000000000000        2.2669733928603482E-045   1.9484804546143820E-044
  -17.192982456140349        1.7472440227049829E-045   7.8194860918729317E-047   1.0221902048140372E-044
  -17.092731829573935        2.7300687854765358E-047   1.5558065279181934E-046   2.9526448181051657E-045
  -16.992481203007518        0.0000000000000000        2.1122918956369154E-046   4.5714047635866877E-046
  -16.892230576441104        0.0000000000000000        5.0568553412525869E-047   2.7461926715756689E-049
  -16.791979949874687        9.5978980739409460E-049   8.7717489728938194E-048   7.3597864362223426E-049
  -16.691729323308270        2.6660827983169295E-050   3.4449630645553707E-052   2.0596036825828565E-048
  -16.591478696741856        6.6652069957923236E-051   2.6504134134950631E-050   4.0616120595619653E-050
  -16.491228070175438        1.6663017489480809E-051   6.3288339812942222E-052   1.1865286912427170E-050
  -16.390977443609025        1.0414385930925506E-052   3.5655181757842523E-056   6.5220496238623520E-052
  -16.290726817042607        2.6035964827313764E-053   3.1123610451065661E-054   2.8467770398654114E-053
  -16.190476190476190        1.6272478017071103E-054   7.0721521211285635E-055   4.5700045753512447E-055
  -16.090225563909776        0.0000000000000000        4.6719053609614468E-054   1.3555756207036185E-054
  -15.989974937343359        0.0000000000000000        1.9510567894061608E-056   4.7742341153440476E-055
  -15.889724310776943        6.3564367254183995E-057   7.4997411776607738E-056   1.2947951293108879E-055
  -15.789473684210527        0.0000000000000000        3.1642016616475471E-061   1.5086950672167996E-056
  -15.689223057644110        2.4829830958665623E-059   1.2951809012092330E-058   6.8650532773633564E-060
  -15.588972431077694        6.2074577396664057E-060   4.9862224318676218E-061   6.5371504396304795E-059
  -15.488721804511279        3.8796610872915036E-061   4.7491941880823528E-060   1.9359091219760742E-060
  -15.388471177944862        2.4247881795571897E-062   4.4105948821951027E-061   1.4683461792757859E-060
  -15.288220551378446        0.0000000000000000        2.9459190754718788E-063   1.2480874743751490E-061
  -15.187969924812030        1.4799732541242613E-066   4.7342819415090735E-067   5.5763133837806632E-065
  -15.087719298245615        3.7887315305581090E-064   2.7517053093657375E-063   1.1037625516075673E-062
  -14.987468671679199        9.4718288263952724E-065   3.8186329573952214E-063   2.7116015439946034E-063
  -14.887218045112782        0.0000000000000000        6.1363309743897414E-064   1.1944719345030526E-063
  -14.786967418546366        0.0000000000000000        1.2657803360310184E-066   6.1644670722869621E-068
  -14.686716791979951        3.7887315305581090E-064   3.3082614263570047E-064   5.0500953796841078E-065
  -14.586466165413533        5.9198930164970453E-066   5.9114439040944421E-065   1.1016879733064086E-064
  -14.486215538847118        0.0000000000000000        3.1737799773499422E-064   2.5528270053503131E-063
  -14.385964912280702        0.0000000000000000        5.6293465721823720E-064   1.0967322816267495E-062
  -14.285714285714286        5.9198930164970453E-066   2.0610040300994097E-065   1.7885495677314196E-064
  -14.185463659147871        9.4718288263952724E-065   1.1552645032596351E-063   1.2050303163290748E-063
  -14.085213032581454        0.0000000000000000        1.2318756216311126E-063   3.1682269191948408E-063
  -13.984962406015038        9.2498328382766332E-068   2.3888723630525853E-066   3.8606732497457920E-066
  -13.884711779448622        9.4718288263952724E-065   1.1627739546582608E-063   4.1419662466369744E-064
  -13.784461152882205        0.0000000000000000        2.2351421564454387E-063   8.8554004812595092E-063
  -13.684210526315789        0.0000000000000000        4.6270860582143967E-063   8.7449513240374584E-062
  -13.583959899749374        0.0000000000000000        1.9092749503181291E-063   1.7306438532965129E-064
  -13.483709273182958        3.7887315305581090E-064   5.8063732691418115E-063   6.0786539467393167E-063
  -13.383458646616543        9.4718288263952724E-065   8.1037442019809262E-063   8.7200744810145850E-064
  -13.283208020050125        0.0000000000000000        2.4957513940931492E-064   2.3372881134685583E-064
  -13.182957393483710        9.4718288263952724E-065   4.9363389112876330E-063   1.3765916886255189E-062
  -13.082706766917294        5.9198930164970453E-066   1.7317003418756353E-064   9.7747479390598505E-069
  -12.982456140350877        1.4799732541242613E-066   3.3687316878583966E-065   1.1786710544053959E-063
  -12.882205513784461        0.0000000000000000        4.7752368084902465E-064   6.4331431252558285E-065
  -12.781954887218046        3.7887315305581090E-064   6.0124063285047228E-063   8.8495602886354969E-069
  -12.681704260651630        0.0000000000000000        8.8912483420861087E-064   6.2000570569911839E-066
  -12.581453634085214        5.9198930164970453E-066   1.8335230918830962E-067   3.4736768882915491E-064
  -12.481203007518797        3.7887315305581090E-064   1.5946267821748094E-063   2.2548624336856314E-062
  -12.380952380952381        1.5154926122232436E-063   2.0096270553820609E-064   4.7279487428744587E-061
  -12.280701754385966        2.3679572065988181E-065   3.3842008729442637E-062   3.2429174952757643E-060
  -12.180451127819548        8.5246459437557452E-064   3.3506331542756494E-061   3.4183533018016513E-059
  -12.080200501253133        9.4718288263952729E-063   2.8393557589453505E-060   3.2403088173211610E-058
  -11.979949874686717        1.1936872278464643E-061   2.6038656906643325E-059   3.1202175566581679E-057
  -11.879699248120302        1.1253479828640224E-060   2.3948348218736686E-058   2.9359132931194198E-056
  -11.779448621553886        9.8322115636073684E-060   2.2893006994539999E-057   2.7151061213701127E-055
  -11.679197994987469        9.1339118611847953E-059   2.1156972562397851E-056   2.4683468730872255E-054
  -11.578947368421053        8.3761173079450902E-058   1.9190192445058999E-055   2.2052954520194200E-053
  -11.478696741854638        7.5338587630471725E-057   1.7104388710170669E-054   1.9357962508171312E-052
  -11.378446115288220        6.6835074260330997E-056   1.4981659718719487E-053   1.6692825188833507E-051
  -11.278195488721805        5.8384136179928738E-055   1.2889960683257939E-052   1.4140334911761092E-050
  -11.177944862155389        5.0115124695984942E-054   1.0895352171768047E-051   1.1766107880991337E-049
  -11.077694235588973        4.2272343817773412E-053   9.0475348267987347E-051   9.6167972903387053E-049
  -10.977443609022558        3.5036861343047940E-052   7.3807494832403218E-050   7.7202877173253218E-048
  -10.877192982456140        2.8532412077551223E-051   5.9147371501970927E-049   6.0872710677920130E-047
  -10.776942355889725        2.2828796074381810E-050   4.6560595529494967E-048   4.7138835667370750E-046
  -10.676691729323309        1.7944858453915062E-049   3.6002468476408566E-047   3.5849477820414110E-045
  -10.576441102756892        1.3857738934432526E-048   2.7343823519702308E-046   2.6774128404026315E-044
  -10.476190476190476        1.0512940205541456E-047   2.0397719698436842E-045   1.9636182928299156E-043
  -10.375939849624061        7.8346455390993981E-047   1.4944511949140957E-044   1.4141278569092538E-042
  -10.275689223057645        5.7353751737889979E-046   1.0753303711556254E-043   9.9997879275479957E-042
  -10.175438596491230        4.1241609582506831E-045   7.5987906267586093E-043   6.9429492142913111E-041
  -10.075187969924812        2.9128944050984924E-044   5.2731699977863154E-042   4.7329161950307964E-040
  -9.9749373433583965        2.0207534728883295E-043   3.5934048024200259E-041   3.1675666663169952E-039
  -9.8746867167919810        1.3768465878150789E-042   2.4045286267672811E-040   2.0812070408195357E-038
  -9.7744360902255636        9.2135208806041932E-042   1.5798853248894456E-039   1.3423871370203478E-037
  -9.6741854636591480        6.0550514875631811E-041   1.0192374235101141E-038   8.4995043183706051E-037
  -9.5739348370927324        3.9079280418908665E-040   6.4559733271461808E-038   5.2825428691417288E-036
  -9.4736842105263168        2.4768300288581812E-039   4.0148290549082131E-037   3.2225993160218187E-035
  -9.3734335839599012        1.5415274960452406E-038   2.4511718323684993E-036   1.9295836612695457E-034
  -9.2731829573934839        9.4209856304473045E-038   1.4691435543220775E-035   1.1339529753054183E-033
  -9.1729323308270683        5.6534824161228753E-037   8.6441223453525620E-035   6.5400435945829163E-033
  -9.0726817042606527        3.3311570568121546E-036   4.9925933286672475E-034   3.7016927747003400E-032
  -8.9724310776942353        1.9271624764389984E-035   2.8304958399126779E-033   2.0560520871805049E-031
  -8.8721804511278197        1.0946381772936462E-034   1.5751151926046289E-032   1.1206285095113669E-030
  -8.7719298245614041        6.1043138026555267E-034   8.6031604175581821E-032   5.9932548223671911E-030
  -8.6716791979949885        3.3419670165123334E-033   4.6119230510686735E-031   3.1449732466519006E-029
  -8.5714285714285730        1.7961874155628362E-032   2.4264248397211004E-030   1.6192123703306824E-028
  -8.4711779448621556        9.4769926575860345E-032   1.2528377098321380E-029   8.1790472501631929E-028
  -8.3709273182957400        4.9084475862912372E-031   6.3481677013304123E-029   4.0531525576556425E-027
  -8.2706766917293244        2.4955018579094867E-030   3.1565303839552605E-028   1.9703966965400800E-026
  -8.1704260651629070        1.2453667479616591E-029   1.5401462487599273E-027   9.3964520110683821E-026
  -8.0701754385964914        6.1002532060486569E-029   7.3737216171178864E-027   4.3954416280725712E-025
  -7.9699248120300759        2.9328873710480301E-028   3.4639105002279351E-026   2.0167322571568033E-024
  -7.8696741854636603        1.3839666900945110E-027   1.5965557098573277E-025   9.0756897496470658E-024
  -7.7694235588972447        6.4095054691219640E-027   7.2197356561452370E-025   4.0056692432982287E-023
  -7.6691729323308273        2.9132519854056573E-026   3.2030270243116344E-024   1.7338549677730263E-022
  -7.5689223057644117        1.2994882057280193E-025   1.3940689130303388E-023   7.3598788997719776E-022
  -7.4686716791979961        5.6884458023447289E-025   5.9521575897701544E-023   3.0635611454643770E-021
  -7.3684210526315788        2.4435894415668806E-024   2.4929484312318164E-022   1.2504258585149581E-020
  -7.2681704260651632        1.0300602880193131E-023   1.0241957434539834E-021   5.0042859759962872E-020
  -7.1679197994987476        4.2607240730764189E-023   4.1272946758960226E-021   1.9636137819757435E-019
  -7.0676691729323320        1.7293274261471687E-022   1.6313336638185749E-020   7.5539917041475937E-019
  -6.9674185463659164        6.8870131890250431E-022   6.3240722507939518E-020   2.8489170273584778E-018
  -6.8671679197994990        2.6911097056945887E-021   2.4044146043333825E-019   1.0532755595786966E-017
  -6.7669172932330834        1.0317292767236154E-020   8.9652438990820081E-019   3.8171462158522194E-017
  -6.6666666666666679        3.8807990872361896E-020   3.2782092976806726E-018   1.3559555259361068E-016
  -6.5664160401002505        1.4321382255601834E-019   1.1754780976181864E-017   4.7210304694493830E-016
  -6.4661654135338349        5.1849495766804394E-019   4.1331107632467676E-017   1.6109692677368401E-015
  -6.3659147869674193        1.8415670936325261E-018   1.4249688828914925E-016   5.3872941266184168E-015
  -6.2656641604010037        6.4165515047946434E-018   4.8170436508481687E-016   1.7654704092747507E-014
  -6.1654135338345881        2.1931827063953289E-017   1.5965535721048099E-015   5.6692979598539638E-014
  -6.0651629072681708        7.3535141220458436E-017   5.1879379189539223E-015   1.7838130367359343E-013
  -5.9649122807017552        2.4185227776011259E-016   1.6527030638078238E-014   5.4991053078759991E-013
  -5.8646616541353396        7.8024115494317265E-016   5.1613565711746504E-014   1.6608411199871745E-012
  -5.7644110275689222        2.4689902911455363E-015   1.5800898279610168E-013   4.9139120672492397E-012
  -5.6641604010025066        7.6632033508290231E-015   4.7416357872416161E-013   1.4241604651386191E-011
  -5.5639097744360910        2.3328697580408704E-014   1.3947051352674081E-012   4.0428793720736359E-011
  -5.4636591478696754        6.9654423117954866E-014   4.0209005822266472E-012   1.1240612499206833E-010
  -5.3634085213032598        2.0397362462020607E-013   1.1361339509714058E-011   3.0607115046847381E-010
  -5.2631578947368425        5.8580845463841965E-013   3.1461477580529655E-011   8.1611751574622110E-010
  -5.1629072681704269        1.6499961315043276E-012   8.5378731318715796E-011   2.1308073896516984E-009
  -5.0626566416040113        4.5576965579545879E-012   2.2704837024185819E-010   5.4470168162238063E-009
  -4.9624060150375939        1.2346184561087926E-011   5.9164570780677510E-010   1.3631902854630301E-008
  -4.8621553884711783        3.2797055091271986E-011   1.5106212046290155E-009   3.3396114310919140E-008
  -4.7619047619047628        8.5436151871767210E-011   3.7789848818148375E-009   8.0081754969712180E-008
  -4.6616541353383472        2.1824456727705075E-010   9.2617887087962131E-009   1.8794196501996508E-007
  -4.5614035087719316        5.4667661443706785E-010   2.2237618972043437E-008   4.3163680382472534E-007
  -4.4611528822055142        1.3427444769154292E-009   5.2303171337628795E-008   9.6998957437085570E-007
  -4.3609022556390986        3.2338716901881224E-009   1.2049961593615120E-007   2.1326325447858437E-006
  -4.2606516290726830        7.6367682216479400E-009   2.7191403915602732E-007   4.5867875513801595E-006
  -4.1604010025062657        1.7682550772844219E-008   6.0094548377558971E-007   9.6490493281604345E-006
  -4.0601503759398501        4.0143934926612425E-008   1.3006598230506426E-006   1.9850864659789187E-005
  -3.9598997493734345        8.9356492789297535E-008   2.7566633447507509E-006   3.9932321445123228E-005
  -3.8596491228070171        1.9500917621221047E-007   5.7208358982189664E-006   7.8531905724648545E-005
  -3.7593984962406033        4.1725210429141434E-007   1.1623942117371494E-005   1.5096099391110303E-004
  -3.6591478696741859        8.7528313793629480E-007   2.3122022802007203E-005   2.8359241239973734E-004
  -3.5588972431077721        1.8001027688413345E-006   4.5023001730360517E-005   5.2052635385805570E-004
  -3.4586466165413547        3.6294190406982804E-006   8.5809297771772508E-005   9.3327125176503813E-004
  -3.3583959899749374        7.1739865579442906E-006   1.6005803392052658E-004   1.6341033441031746E-003
  -3.2581453634085236        1.3901459102479152E-005   2.9215430569523576E-004   2.7934201373605071E-003
  -3.1578947368421062        2.6407637076269980E-005   5.2177502649264330E-004   4.6606268328426171E-003
  -3.0576441102756888        4.9176902593396696E-005   9.1165492778433246E-004   7.5867459517416280E-003
  -2.9573934837092750        8.9773594315525554E-005   1.5580765023126501E-003   1.2044946665938425E-002
  -2.8571428571428577        1.6065173195929107E-004   2.6042773266867357E-003   1.8642647628298207E-002
  -2.7568922305764403        2.8181578153560851E-004   4.2564564390896575E-003   2.8116130638257276E-002
  -2.6566416040100265        4.8459870933701917E-004   6.8012116976588557E-003   4.1296458365603653E-002
  -2.5563909774436091        8.1682757880702824E-004   1.0622022271608564E-002   5.9035049071266235E-002
  -2.4561403508771953        1.3495969365698119E-003   1.6210865524276041E-002   8.2079909654545868E-002
  -2.3558897243107779        2.1857369255684610E-003   2.4169427561234965E-002  0.11090056735400362     
  -2.2556390977443606        3.4698170697430434E-003   3.5193012242880732E-002  0.14547184037811661     
  -2.1553884711779467        5.3991467631189886E-003   5.0029734534059844E-002  0.18504310914824462     
  -2.0551378446115294        8.2347181611351662E-003   6.9408578028541973E-002  0.22793813548635369     
  -1.9548872180451156        1.2310418016834157E-002   9.3933053627112170E-002  0.27144601738417823     
  -1.8546365914786982        1.8038188755792675E-002  0.12394291405956101       0.31187016924255040     
  -1.7543859649122808        2.5906273518098363E-002  0.15935452796896923       0.34479260022827768     
  -1.6541353383458670        3.6467408190840572E-002  0.19950019240134648       0.36558051973929129     
  -1.5538847117794496        5.0314022261172223E-002  0.24299606169820107       0.37011136363407465     
  -1.4536340852130323        6.8038359777592344E-002  0.28767491317771288       0.35562747437658948     
  -1.3533834586466185        9.0177040730563554E-002  0.33062072897853023       0.32156708452758948     
  -1.2531328320802011       0.11714192979810872       0.36833451767250619       0.27017365104780194     
  -1.1528822055137837       0.14914206211806222       0.39704371745834738       0.20668141149955421     
  -1.0526315789473699       0.18610439479031815       0.41314188725809387       0.13892563490266424     
 -0.95238095238095255       0.22760373873271539       0.41371484177050827        7.6332697190804488E-002
 -0.85213032581453874       0.27281372346140215       0.39708003075984111        2.8391544341663088E-002
 -0.75187969924812137       0.32049045117666713       0.36324534894702137        2.8610097318285295E-003
 -0.65162907268170400       0.36899820933644506       0.31418889898220470        4.0832913951170044E-003
 -0.55137844611529019       0.41638219397697968       0.25387724227375424        3.1811063977651571E-002
 -0.45112781954887282       0.46048706102360332       0.18797670434019892        8.0888778620273133E-002
 -0.35087719298245901       0.49911312841819189       0.12326532471227944       0.14195996378152714     
 -0.25062656641604164       0.53019538622181350        6.6812082757062699E-002  0.20313571915397902     
 -0.15037593984962427       0.55198543177337578        2.5042133294321957E-002  0.25231437300857762     
  -5.0125313283210460E-002  0.56321415731863544        2.8391336122498578E-003  0.27965718143338503     
   5.0125313283206907E-002  0.56321415731864144        2.8391336122481643E-003  0.27965718143339874     
  0.15037593984962427       0.55198543177339765        2.5042133294315202E-002  0.25231437300861420     
  0.25062656641603809       0.53019538622184370        6.6812082757051305E-002  0.20313571915402737     
  0.35087719298245545       0.49911312841822403       0.12326532471226471       0.14195996378157694     
  0.45112781954887282       0.46048706102363829       0.18797670434017794        8.0888778620317472E-002
  0.55137844611528664       0.41638219397700876       0.25387724227372810        3.1811063977681249E-002
  0.65162907268170400       0.36899820933644950       0.31418889898216523        4.0832913951272540E-003
  0.75187969924811782       0.32049045117666464       0.36324534894697613        2.8610097318207727E-003
  0.85213032581453518       0.27281372346140259       0.39708003075979958        2.8391544341642858E-002
  0.95238095238095255       0.22760373873271514       0.41371484177047441        7.6332697190778301E-002
   1.0526315789473664       0.18610439479031984       0.41314188725807416       0.13892563490264140     
   1.1528822055137837       0.14914206211806647       0.39704371745834233       0.20668141149953523     
   1.2531328320801975       0.11714192979811652       0.36833451767251940       0.27017365104779417     
   1.3533834586466149        9.0177040730570854E-002  0.33062072897856321       0.32156708452760241     
   1.4536340852130323        6.8038359777600907E-002  0.28767491317776711       0.35562747437662218     
   1.5538847117794461        5.0314022261181722E-002  0.24299606169826016       0.37011136363411695     
   1.6541353383458635        3.6467408190848385E-002  0.19950019240139924       0.36558051973932260     
   1.7543859649122808        2.5906273518103911E-002  0.15935452796900865       0.34479260022829200     
   1.8546365914786946        1.8038188755796707E-002  0.12394291405958700       0.31187016924254829     
   1.9548872180451120        1.2310418016836851E-002   9.3933053627129684E-002  0.27144601738416918     
   2.0551378446115294        8.2347181611363458E-003   6.9408578028555046E-002  0.22793813548634523     
   2.1553884711779432        5.3991467631192905E-003   5.0029734534069170E-002  0.18504310914824162     
   2.2556390977443606        3.4698170697426691E-003   3.5193012242889420E-002  0.14547184037811600     
   2.3558897243107744        2.1857369255678149E-003   2.4169427561240662E-002  0.11090056735399859     
   2.4561403508771917        1.3495969365693531E-003   1.6210865524279576E-002   8.2079909654540553E-002
   2.5563909774436091        8.1682757880692449E-004   1.0622022271610763E-002   5.9035049071261107E-002
   2.6566416040100229        4.8459870933700145E-004   6.8012116976605766E-003   4.1296458365599094E-002
   2.7568922305764403        2.8181578153556840E-004   4.2564564390910305E-003   2.8116130638253526E-002
   2.8571428571428541        1.6065173195929636E-004   2.6042773266878668E-003   1.8642647628295154E-002
   2.9573934837092715        8.9773594315518845E-005   1.5580765023134680E-003   1.2044946665936467E-002
   3.0576441102756888        4.9176902593365687E-005   9.1165492778475465E-004   7.5867459517397979E-003
   3.1578947368421026        2.6407637076246435E-005   5.2177502649281384E-004   4.6606268328409856E-003
   3.2581453634085200        1.3901459102470993E-005   2.9215430569525463E-004   2.7934201373590729E-003
   3.3583959899749374        7.1739865579297589E-006   1.6005803392053698E-004   1.6341033441021220E-003
   3.4586466165413512        3.6294190406977861E-006   8.5809297771790601E-005   9.3327125176428786E-004
   3.5588972431077686        1.8001027688354682E-006   4.5023001730354859E-005   5.2052635385767352E-004
   3.6591478696741859        8.7528313793470651E-007   2.3122022801991679E-005   2.8359241239948706E-004
   3.7593984962405997        4.1725210429357978E-007   1.1623942117366021E-005   1.5096099391090229E-004
   3.8596491228070171        1.9500917621406915E-007   5.7208358982203132E-006   7.8531905724554720E-005
   3.9598997493734309        8.9356492789715268E-008   2.7566633447494228E-006   3.9932321445045254E-005
   4.0601503759398483        4.0143934926809419E-008   1.3006598230531195E-006   1.9850864659763861E-005
   4.1604010025062657        1.7682550772401578E-008   6.0094548377870181E-007   9.6490493281564822E-006
   4.2606516290726795        7.6367682214144865E-009   2.7191403915593246E-007   4.5867875513749714E-006
   4.3609022556390968        3.2338716900277395E-009   1.2049961593634948E-007   2.1326325447722882E-006
   4.4611528822055107        1.3427444768579254E-009   5.2303171337769085E-008   9.6998957436375418E-007
   4.5614035087719280        5.4667661446864413E-010   2.2237618972007826E-008   4.3163680382220886E-007
   4.6616541353383454        2.1824456735626973E-010   9.2617887088004863E-009   1.8794196501765437E-007
   4.7619047619047592        8.5436151909006455E-011   3.7789848820220446E-009   8.0081754969289140E-008
   4.8621553884711766        3.2797055097555884E-011   1.5106212047768025E-009   3.3396114310775773E-008
   4.9624060150375939        1.2346184571441907E-011   5.9164570790178517E-010   1.3631902854467929E-008
   5.0626566416040077        4.5576965690901224E-012   2.2704837027394044E-010   5.4470168160700095E-009
   5.1629072681704251        1.6499961300808780E-012   8.5378731303301557E-011   2.1308073895210444E-009
   5.2631578947368425        5.8580845318866253E-013   3.1461477579278105E-011   8.1611751566613647E-010
   5.3634085213032563        2.0397362393650835E-013   1.1361339496456463E-011   3.0607115038688055E-010
   5.4636591478696737        6.9654423122586237E-014   4.0209005850896744E-012   1.1240612502015403E-010
   5.5639097744360875        2.3328698294395166E-014   1.3947051354821610E-012   4.0428793716681843E-011
   5.6641604010025048        7.6632035759297251E-015   4.7416357793854702E-013   1.4241604650868979E-011
   5.7644110275689222        2.4689902479734308E-015   1.5800898303518018E-013   4.9139120737288871E-012
   5.8646616541353360        7.8024110014357844E-016   5.1613565373544788E-014   1.6608411152892523E-012
   5.9649122807017534        2.4185223096830627E-016   1.6527030434747589E-014   5.4991052934664744E-013
   6.0651629072681672        7.3535123827184713E-017   5.1879377198502877E-015   1.7838130213327544E-013
   6.1654135338345846        2.1931835195679073E-017   1.5965536124895496E-015   5.6692980205319184E-014
   6.2656641604010019        6.4165570013857355E-018   4.8170436593889004E-016   1.7654704319934977E-014
   6.3659147869674158        1.8415701663735378E-018   1.4249688166897538E-016   5.3872940662986079E-015
   6.4661654135338331        5.1849491451003909E-019   4.1331124282555134E-017   1.6109692683150228E-015
   6.5664160401002505        1.4321413922992883E-019   1.1754788580837896E-017   4.7210301637195570E-016
   6.6666666666666643        3.8807754007253085E-020   3.2782129513415843E-018   1.3559555015976313E-016
   6.7669172932330817        1.0317529996816049E-020   8.9652740663989774E-019   3.8171462093552214E-017
   6.8671679197994990        2.6912628148415424E-021   2.4044244206124265E-019   1.0532758149444998E-017
   6.9674185463659128        6.8875833267951590E-022   6.3240625929044828E-020   2.8489183904329169E-018
   7.0676691729323302        1.7292023593370510E-022   1.6313036905168864E-020   7.5540030525471624E-019
   7.1679197994987440        4.2582446781193672E-023   4.1271706111376004E-021   1.9636171418019883E-019
   7.2681704260651614        1.0290194989037151E-023   1.0241320283659445E-021   5.0043250922894180E-020
   7.3684210526315788        2.4429395465496980E-024   2.4928859043402651E-022   1.2504329560284426E-020
   7.4686716791979926        5.6976531423005619E-025   5.9523524366471923E-023   3.0635245463503245E-021
   7.5689223057644099        1.2954009294608648E-025   1.3937971753601022E-023   7.3586496489600240E-022
   7.6691729323308238        2.8813209935906886E-026   3.2082303534542516E-024   1.7335682159580551E-022
   7.7694235588972411        6.3845675301191162E-027   7.2314054478075385E-025   4.0053477327517013E-023
   7.8696741854636585        1.3853186994825373E-027   1.5963241341748734E-025   9.0823730708800461E-024
   7.9699248120300723        3.1013932817010490E-028   3.4339612955991124E-026   2.0223211650711479E-024
   8.0701754385964897        4.2021212470253830E-029   7.2361771425904946E-027   4.3917767169605362E-025
   8.1704260651629070        7.0803456242688659E-030   1.4284800061165929E-027   9.3309599870430953E-026
   8.2706766917293209        1.2631725477704003E-030   3.0056369573612273E-028   1.9373168142342780E-026
   8.3709273182957382        1.2094207782349557E-031   5.8968967778975269E-029   3.9151817822819918E-027
   8.4711779448621556        2.9044836655852407E-030   1.7848673937015659E-029   7.8856760729969907E-028
   8.5714285714285694        4.3652995426900968E-031   3.7991635870769241E-030   1.5980043848216924E-028
   8.6716791979949868        6.4881540098992916E-033   1.1620930846562924E-031   3.0817211867686381E-029
   8.7719298245614006        1.8764720566831262E-031   1.3150630152603989E-031   8.2236108655458976E-030
   8.8721804511278179        3.0304618335118189E-031   5.0829290616594581E-031   1.3424941134490013E-030
   8.9724310776942353        5.5600762857798891E-031   8.7996457974616894E-031   1.1205202457617942E-031
   9.0726817042606491        1.0330930883553622E-031   7.0397565630325738E-034   5.6364428599396896E-031
   9.1729323308270665        2.9614380167380530E-031   1.1669992697218941E-031   1.3354345144035133E-030
   9.2731829573934803        3.7131505115212820E-031   2.5006683326448593E-032   4.9790601469974477E-032
   9.3734335839598977        2.9301008634345479E-031   2.2677653407272741E-031   6.8346440241437871E-033
   9.4736842105263150        2.1641923748630628E-033   8.7339831917836514E-033   2.5169475408546840E-031
   9.5739348370927289        1.0799519448429592E-031   1.5925828370717813E-030   1.2244547050090761E-031
   9.6741854636591462        8.9706082390653700E-033   2.7990047203492759E-032   1.7410410938263991E-033
   9.7744360902255636        6.9602775089276468E-033   3.3225806341804130E-031   2.3444608742915126E-031
   9.8746867167919774        3.2419898716794139E-032   4.1146626657102510E-031   1.3535073758790992E-030
   9.9749373433583948        1.4158764026813423E-031   1.7440120171394442E-031   3.4106290574088288E-031
   10.075187969924812        2.7009199555979012E-031   6.1211602357952352E-033   2.3347576521432789E-032
   10.175438596491226        1.9051289106881735E-031   4.9170124136778024E-031   3.1724900115892780E-034
   10.275689223057643        8.9836042452216807E-031   1.1139624555138646E-031   3.0628370849942684E-031
   10.375939849624057        4.8123130214608857E-033   6.1682292737428736E-031   1.7964672858586167E-031
   10.476190476190474        5.4533328909239669E-031   5.8970315922073143E-032   6.0128089343992450E-031
   10.576441102756892        6.8056515435497315E-031   1.4416047839603672E-032   7.2169837707439819E-031
   10.676691729323306        3.1523448582334288E-031   2.2104458572103944E-031   2.7780998060549389E-031
   10.776942355889723        1.5828583975533891E-031   6.9320219833008530E-032   7.5494010833977971E-032
   10.877192982456137        7.0875785185207422E-032   1.0022225966324709E-033   1.3115002650573723E-032
   10.977443609022554        2.6242687029523204E-031   3.2510998857460012E-031   8.2206744439325715E-032
   11.077694235588972        1.6302179870923296E-032   1.3516136485265847E-031   5.5722567735238329E-032
   11.177944862155385        7.3381457648641485E-032   8.9894729291729501E-032   1.8767405216085534E-031
   11.278195488721803        4.4760597745452851E-032   4.1403445601476311E-031   1.2237745351198551E-035
   11.378446115288220        3.4729210604993764E-032   3.6696050175516499E-033   9.4396573596709366E-031
   11.478696741854634        3.5119012621159983E-033   3.9389087744607884E-032   1.7273863912360730E-032
   11.578947368421051        1.2285150593175284E-031   9.2054815809788716E-032   4.5583386149230655E-031
   11.679197994987469        1.5969649051976000E-031   3.0273691203210566E-033   3.1767767665599476E-034
   11.779448621553883        1.3045353215807451E-033   6.8925197741715927E-033   5.8430802849663132E-032
   11.879699248120300        6.9511900710370678E-033   8.9771979396483064E-032   1.9873434346359975E-031
   11.979949874686714        1.6076246780127630E-032   6.6658569299431793E-032   6.8378162791246211E-032
   12.080200501253131        3.9236138631083919E-033   1.7912652860613770E-031   9.3560043532160511E-033
   12.180451127819545        7.9740521744211846E-032   1.2733858145699725E-031   3.3024675196082555E-032
   12.280701754385966        1.0132195220969460E-031   3.4942721399046631E-033   1.7136754458166781E-032
   12.380952380952380        2.1374308600858279E-032   3.0111204298716402E-032   7.4825099661656225E-034
   12.481203007518793        1.5504948597598829E-032   3.3890249300595650E-031   5.9939870452411883E-032
   12.581453634085214        2.3321655052913801E-031   1.5729029965291416E-031   6.8118730531689125E-032
   12.681704260651628        3.9515663774352579E-031   1.7995010165137607E-033   1.1117762620502993E-031
   12.781954887218042        3.3601246033271046E-031   3.4249154517662641E-031   3.6631653017138543E-033
   12.882205513784456        1.1272137796417107E-031   3.8993923767032500E-032   1.3022563783148326E-031
   12.982456140350877        8.0164083543317013E-032   7.1275942452945031E-035   7.8270880623239043E-032
   13.082706766917291        2.1959760267390697E-033   1.2186455010890026E-032   3.5043341414254692E-031
   13.182957393483704        8.5334600935131290E-033   7.1327105013261544E-033   4.5222865178853438E-032
   13.283208020050125        7.5185342943661972E-033   1.2099115794871108E-031   6.5693388444906453E-033
   13.383458646616539        8.7046499848050436E-032   7.3752115683564965E-033   3.7678940059016564E-032
   13.483709273182953        6.4311344180669042E-032   3.0962339852215810E-031   8.5171837663588038E-031
   13.583959899749374        2.7281068073309230E-031   2.3137303156303522E-031   1.9394680172944606E-031
   13.684210526315788        4.7900394690951213E-032   1.0937490929351459E-031   1.4843727523914900E-032
   13.784461152882201        2.2792772839933040E-031   1.5489475118184382E-032   4.1101556017563571E-032
   13.884711779448622        2.5631227491243953E-032   1.4283323801441620E-032   2.0748251841644090E-032
   13.984962406015036        1.1444415177078544E-031   1.0361467706946928E-031   3.1023089636772469E-033
   14.085213032581450        1.1130272212048668E-031   1.2569806562015441E-031   3.3971469971009614E-032
   14.185463659147871        4.2884608943521761E-032   2.6868034830346750E-032   2.9084032219255386E-034
   14.285714285714285        8.4147299958916962E-033   2.5436428693053022E-031   1.0043573111999592E-033
   14.385964912280699        1.2518620539772987E-031   9.1954274211392557E-031   2.7359457390518428E-033
   14.486215538847119        2.9182188926901779E-031   4.9467008050563966E-032   1.5762019535696677E-031
   14.586466165413533        1.9815560017667025E-031   2.5083693854856186E-031   1.3914073276883492E-031
   14.686716791979947        6.8481243323145607E-031   1.5089798718061077E-032   8.3830561196683041E-032
   14.786967418546361        2.2807463691099396E-031   3.9045136034476388E-031   2.7403686018074913E-032
   14.887218045112782        2.9584836191468784E-031   6.4312535669479718E-032   3.5197416118008593E-032
   14.987468671679196        4.2095804790043874E-031   3.0021722467613110E-031   3.1059814169977856E-032
   15.087719298245609        1.1159196567032390E-031   4.3231471760217563E-033   1.5275022300011751E-032
   15.187969924812030        1.3285150467112067E-030   1.3499515631421844E-031   1.0327626602263798E-033
   15.288220551378444        1.5770280552439682E-031   1.7673750325055630E-031   4.1247392268935968E-032
   15.388471177944858        2.9626374342197881E-031   8.4663274185939827E-032   1.2881361129814633E-032
   15.488721804511279        5.2107469523843258E-031   4.6933581963438327E-032   1.9897101764548072E-031
   15.588972431077693        4.3214295085145182E-031   9.5911760130751661E-032   4.1331192116422905E-031
   15.689223057644107        4.2413204591701943E-032   8.5214624470563006E-033   6.0653675373780619E-032
   15.789473684210527        2.4654770854065122E-031   9.7634000183165463E-032   1.8108573473411865E-032
   15.889724310776941        8.5054314942734783E-032   5.1939553787485403E-032   4.5687044811142622E-034
   15.989974937343355        5.5238066413530841E-032   2.2638314762669819E-031   2.3528744578345551E-031
   16.090225563909769        3.5000387868609559E-031   7.1213190421034524E-031   2.6207563792833549E-032
   16.190476190476190        1.2211416855740768E-031   4.5829701288938970E-031   1.5484862274510534E-031
   16.290726817042604        1.0181370979935743E-031   1.2181159982152928E-035   3.2191539259340107E-032
   16.390977443609017        7.7232687946729972E-031   7.0297810822897514E-032   1.0398567437458515E-031
   16.491228070175438        1.4650321388253087E-031   2.8909957216511737E-032   9.6949924513588230E-032
   16.591478696741852        5.3899521421442324E-032   1.5758198726841579E-030   1.7741099049407978E-031
   16.691729323308266        2.6800614344605200E-032   2.6602625988223866E-031   1.0368231781264640E-030
   16.791979949874687        2.5604589588220266E-031   1.1738988304906825E-031   4.9667302251238867E-031
   16.892230576441101        2.5434618245123346E-031   1.4963387491585147E-031   3.4273201834983840E-031
   16.992481203007515        2.4220040512203057E-032   2.2413328148770855E-032   2.2133651031658643E-031
   17.092731829573935        6.6329535215721529E-032   1.4847241030498479E-031   1.0430013439013925E-031
   17.192982456140349        3.8887168748175232E-033   9.8322577460512250E-031   1.5401128667715134E-032
   17.293233082706763        2.9861653450529840E-032   2.1705243853113102E-031   1.2673810772555818E-032
   17.393483709273184        5.9661722250925388E-031   1.2358478674647909E-031   1.3901132404056032E-031
   17.493734335839598        8.7440812202839113E-032   8.8247688094950346E-033   4.6285804789924275E-031
   17.593984962406012        1.0533237499983021E-031   5.5144592104715560E-031   7.4146334007123630E-031
   17.694235588972433        4.7952872078329217E-032   8.0805339201396930E-032   8.7291716698046936E-031
   17.794486215538846        1.9700578105522889E-031   1.5395982181465391E-031   5.1216011616875293E-031
   17.894736842105260        4.6065161979294527E-032   2.6722177626818492E-032   2.9768560727615931E-031
   17.994987468671674        9.2929552098341591E-032   2.7561680410167465E-031   1.0657888660362383E-031
   18.095238095238095        5.9456207138822794E-032   1.6065683985848070E-031   2.4197599736086250E-031
   18.195488721804509        9.1651950337050659E-031   1.8483766813172652E-032   8.2916605395067274E-034
   18.295739348370923        8.7674269816965630E-031   5.1243058440203800E-031   8.0225948936900060E-032
   18.395989974937343        7.1923151531989693E-034   1.0570866944709777E-031   1.7791663083806258E-031
   18.496240601503757        6.2637372216224954E-031   8.2109761000045904E-031   2.0788808447118436E-033
   18.596491228070171        2.3996749961508508E-031   1.6946746693357242E-031   6.0989482567706493E-032
   18.696741854636592        3.8697702656325078E-031   1.0579550375547509E-031   1.8482949943976550E-032
   18.796992481203006        6.2904545797642745E-033   1.4469118655900173E-031   3.3768698045424124E-031
   18.897243107769420        9.4168363152793106E-032   7.3675620124851187E-032   1.2736041709737807E-031
   18.997493734335841        1.9956442580580496E-032   3.2929047194654178E-032   3.6837292847278457E-032
   19.097744360902254        1.2981060307063559E-031   6.5994521388553352E-032   5.8493606411347919E-032
   19.197994987468668        1.3991508103512715E-031   1.0772014819691794E-031   1.1376160383663418E-032
   19.298245614035082        4.4544382743639618E-032   3.0267223845215095E-032   2.2753829708222351E-031
   19.398496240601503        1.6486854597283453E-031   3.0016808023971178E-031   5.4471326592578660E-032
   19.498746867167917        1.3503986960635022E-031   9.2181780173637427E-032   1.3499123319230047E-031
   19.598997493734331        1.0369512900712832E-031   5.8585636261783090E-032   2.2627917890912605E-031
   19.699248120300751        2.1663025552082805E-034   5.9515112351047169E-032   4.4059732731068320E-034
   19.799498746867165        6.3986542515674097E-034   2.2094952570552480E-031   7.9004727300605527E-032
   19.899749373433579        3.3770081333501755E-032   1.6183143434642606E-032   3.6838717349848467E-031
   20.000000000000000        1.6953065686813377E-031   1.7350222820345828E-031   9.8925365052076577E-034
